
best = 2.89771e-05, worst = 0.0163471

median = 0.00238616, mean = 0.00390923

std = 0.00460792
