
best = 0, worst = 0.00453205

median = 0.00453192, mean = 0.00433318

std = 0.000822058
