
best = 0.00105732, worst = 1.64861

median = 0.45022, mean = 0.43825

std = 0.337131
