
best = 0, worst = 2.17187e-06

median = 1.89658e-07, mean = 3.47585e-07

std = 4.63548e-07
