
best = 0.00452845, worst = 0.0841905

median = 0.0242416, mean = 0.0282545

std = 0.0169049
