
best = 0.000116814, worst = 1.09859

median = 0.456259, mean = 0.393916

std = 0.263248
