
best = 1.45995e-06, worst = 0.042799

median = 0.00329151, mean = 0.00531274

std = 0.00787056
