
best = 0, worst = 2.34277e-06

median = 1.86392e-07, mean = 3.92184e-07

std = 5.05856e-07
