
best = 0, worst = 0.124911

median = 3.13789e-07, mean = 0.0374728

std = 0.0472898
