
best = 0.0822715, worst = 1.40754

median = 0.915231, mean = 0.80971

std = 0.294839
