
best = 0.108737, worst = 0.605298

median = 0.357995, mean = 0.359091

std = 0.114547
