
best = 0.0098777, worst = 0.306105

median = 0.0942333, mean = 0.115541

std = 0.0766253
