
best = 0.00202982, worst = 0.00453202

median = 0.00453194, mean = 0.00437935

std = 0.000498983
