
best = 0.0197574, worst = 0.229598

median = 0.104332, mean = 0.106279

std = 0.0647756
