
best = 0.416286, worst = 34.2856

median = 6.61698, mean = 8.71108

std = 7.91914
