
best = 0, worst = 10.8737

median = 10.8737, mean = 8.13734

std = 4.56606
