
best = 4.62541e-08, worst = 3.57811e-05

median = 6.54164e-06, mean = 1.13731e-05

std = 1.12046e-05
