
best = 0.00512165, worst = 0.0866827

median = 0.023092, mean = 0.027462

std = 0.0139454
