
best = 0, worst = 0.508801

median = 0.338064, mean = 0.312921

std = 0.129625
