
best = 0.0978463, worst = 1.43711

median = 0.742633, mean = 0.723173

std = 0.31755
