
best = 0.00172313, worst = 0.00748148

median = 0.00618535, mean = 0.00586389

std = 0.00176692
