
best = 0, worst = 3.56716e-05

median = 6.79193e-06, mean = 1.10069e-05

std = 1.05708e-05
