
best = 0, worst = 2.98488

median = 0, mean = 0.0994959

std = 0.535802
