
best = 0, worst = 0.124909

median = 0, mean = 0.0312272

std = 0.044892
