
best = 0, worst = 10.8737

median = 10.8737, mean = 8.64083

std = 4.33164
