
best = 0.416286, worst = 30.06

median = 6.57279, mean = 8.60191

std = 7.28374
