
best = 0.00322827, worst = 0.00748148

median = 0.00539231, mean = 0.0055975

std = 0.00148543
