
best = 0.128433, worst = 0.489237

median = 0.336768, mean = 0.311557

std = 0.0977447
