
best = 0.361816, worst = 0.799354

median = 0.624794, mean = 0.616677

std = 0.0936574
