
best = 0, worst = 0.530893

median = 0, mean = 0.0176964

std = 0.0952982
