
best = 0, worst = 0.14111

median = 0.064214, mean = 0.0566453

std = 0.0391276
