
best = 0.0936854, worst = 5.15387

median = 3.44632, mean = 2.70997

std = 1.53226
