
best = 0.405625, worst = 0.70855

median = 0.568047, mean = 0.56917

std = 0.0808564
