
best = 0.29551, worst = 0.639988

median = 0.465574, mean = 0.477738

std = 0.110697
