
best = 0, worst = 0.0892814

median = 0.0476571, mean = 0.0486047

std = 0.02151
