
best = 0, worst = 0.149814

median = 0.0597393, mean = 0.0538279

std = 0.0442504
