
best = 0.00529919, worst = 0.0958726

median = 0.0354068, mean = 0.0403328

std = 0.0198849
