
best = 0.240403, worst = 10.1471

median = 0.844721, mean = 2.16249

std = 2.97642
