
best = 0.310772, worst = 8.94512

median = 0.815677, mean = 1.42168

std = 2.03318
