
best = 0.165815, worst = 0.744517

median = 0.54162, mean = 0.53808

std = 0.122159
