
best = 0, worst = 0.290298

median = 0, mean = 0.0313811

std = 0.0818875
