
best = 0.000249989, worst = 0.000996281

median = 0.000722175, mean = 0.0007428

std = 0.000139883
