
best = 8.21188e-05, worst = 62.3897

median = 0.000417956, mean = 2.08007

std = 11.1992
