
best = 4.94538e-05, worst = 62.4186

median = 0.000449879, mean = 16.6404

std = 27.5943
