
best = 0.124914, worst = 9.33009

median = 3.44632, mean = 3.23082

std = 1.47389
