
best = 0, worst = 0.498401

median = 0, mean = 0.0166134

std = 0.0894657
