
best = 0, worst = 0.304588

median = 0.244582, mean = 0.182738

std = 0.121403
