
best = 0.0106914, worst = 0.0913886

median = 0.0631274, mean = 0.0591783

std = 0.0200878
