
best = 0, worst = 0.426949

median = 0.25596, mean = 0.245422

std = 0.109107
