
best = 0, worst = 0.371308

median = 0, mean = 0.0318613

std = 0.0866871
