
best = 0, worst = 0.592316

median = 0, mean = 0.0197439

std = 0.106324
