
best = 0.00990813, worst = 0.0864354

median = 0.0360086, mean = 0.0374875

std = 0.0132246
