
best = 0, worst = 0.000996281

median = 0.000733048, mean = 0.000747355

std = 0.000196359
