
best = 0, worst = 0.33324

median = 0.247159, mean = 0.201374

std = 0.125086
