
best = 3.97983, worst = 20.1617

median = 20.1617, mean = 19.6223

std = 2.90474
